make averages.txt

hits: 205960
cycles: 1361647559
average: 6611.223339

miss: 5823
cycles: 40509118
average: 6956.743603
